5 + 7
x <- 5 + 7
x
y <- x - 3
KEK
